run_id,strategy_version,param_set_id,symbol,timeframe,tester,optimization,start_time,account_currency,initial_balance,regime_mode,magic,trend_magic,lot_size,use_dynamic_lot,stage1_on,basket_stop_on,basket_loss_money,basket_cooldown_min,daily_stop_on,daily_loss_money,equity_kill_on,equity_kill_dd_pct,vol_window_min,volgate_on,volgate_enter_low,volgate_exit_low,volgate_confirm,downshift_on,enable_state_machine,trend_tf,fast_ema,slow_ema,uni_grid_explow,uni_grid_expslope,uni_base_profit,uni_max_pos
s_sl25,eva028-CoreRiskV1,s_sl25,XAUUSD_HIST,M1,1,0,2023.01.04 00:00:00,USD,500.00,VOLGATE,123456,223456,0.01,0,1,1,30.00,1440,1,20.00,1,15.00,15,1,0.0200,0.0260,30,0,1,M5,15,70,0.50,0.50,200000,3
